0 0.359375 0.0869140625 0.02734375 0.068359375
0 0.4306640625 0.1787109375 0.107421875 0.080078125
1 0.6201171875 0.244140625 0.248046875 0.0546875
3 0.9326171875 0.361328125 0.037109375 0.03515625
0 0.9775390625 0.439453125 0.044921875 0.109375
1 0.75 0.53125 0.49609375 0.0859375
3 0.9609375 0.583984375 0.05078125 0.06640625
3 0.7626953125 0.6435546875 0.041015625 0.056640625
2 0.8623046875 0.6689453125 0.259765625 0.240234375
0 0.49609375 0.62109375 0.015625 0.140625
1 0.296875 0.5810546875 0.35546875 0.037109375
