0 0.3017578125 0.1123046875 0.037109375 0.091796875
1 0.5693359375 0.2783203125 0.275390625 0.041015625
0 0.3798828125 0.2119140625 0.107421875 0.107421875
3 0.908203125 0.3779296875 0.0390625 0.044921875
0 0.96484375 0.474609375 0.0703125 0.13671875
1 0.69921875 0.609375 0.57421875 0.05859375
3 0.955078125 0.6591796875 0.0703125 0.087890625
3 0.7353515625 0.7568359375 0.048828125 0.080078125
2 0.845703125 0.794921875 0.30859375 0.3046875
0 0.435546875 0.771484375 0.03125 0.203125
1 0.203125 0.7392578125 0.40234375 0.072265625
