3 0.6455078125 0.337890625 0.025390625 0.03125
1 0.712890625 0.361328125 0.109375 0.03125
0 0.6650390625 0.447265625 0.033203125 0.1796875
1 0.3583984375 0.2275390625 0.255859375 0.044921875
0 0.1806640625 0.1337890625 0.087890625 0.130859375
2 0.484375 0.634765625 0.296875 0.2265625
3 0.6025390625 0.556640625 0.033203125 0.0625
3 0.37890625 0.625 0.03515625 0.06640625
1 0.375 0.5 0.46484375 0.0390625
0 0.1171875 0.62109375 0.06640625 0.15234375
1 0.05078125 0.578125 0.09765625 0.02734375
1 0.7646484375 0.8095703125 0.470703125 0.142578125
