3 0.6591796875 0.4091796875 0.029296875 0.044921875
1 0.75 0.4443359375 0.12890625 0.025390625
0 0.6875 0.5556640625 0.04296875 0.212890625
1 0.3388671875 0.66015625 0.669921875 0.05859375
3 0.62109375 0.7158203125 0.05078125 0.095703125
3 0.3486328125 0.833984375 0.041015625 0.0859375
2 0.48828125 0.8388671875 0.32421875 0.298828125
0 0.033203125 0.802734375 0.0625 0.125
0 0.1025390625 0.125 0.041015625 0.0703125
0 0.146484375 0.2236328125 0.1015625 0.103515625
1 0.3427734375 0.294921875 0.271484375 0.0546875
0 0.4375 0.1357421875 0.01171875 0.068359375
