0 0.2744140625 0.0859375 0.029296875 0.07421875
0 0.3349609375 0.177734375 0.087890625 0.08984375
1 0.5107421875 0.2412109375 0.248046875 0.052734375
3 0.8154296875 0.35546875 0.037109375 0.0390625
1 0.8935546875 0.388671875 0.119140625 0.0234375
0 0.859375 0.47265625 0.05078125 0.16015625
1 0.6181640625 0.529296875 0.529296875 0.078125
3 0.8154296875 0.587890625 0.044921875 0.0625
3 0.599609375 0.6494140625 0.03125 0.060546875
2 0.705078125 0.6630859375 0.26953125 0.220703125
0 0.8857421875 0.8193359375 0.224609375 0.083984375
0 0.33984375 0.6162109375 0.046875 0.158203125
1 0.1728515625 0.5966796875 0.275390625 0.044921875
