0 0.1943359375 0.111328125 0.037109375 0.078125
0 0.248046875 0.2158203125 0.10546875 0.099609375
1 0.4521484375 0.283203125 0.283203125 0.0390625
3 0.7900390625 0.3935546875 0.037109375 0.044921875
1 0.875 0.4169921875 0.13671875 0.041015625
0 0.8408203125 0.537109375 0.087890625 0.203125
1 0.5498046875 0.630859375 0.630859375 0.046875
3 0.7998046875 0.689453125 0.060546875 0.09375
3 0.552734375 0.7978515625 0.046875 0.087890625
2 0.68359375 0.83203125 0.359375 0.3359375
1 0.8505859375 0.9697265625 0.216796875 0.060546875
0 0.24609375 0.7978515625 0.07421875 0.251953125
1 0.103515625 0.7734375 0.203125 0.05859375
0 0.5234375 0.130859375 0.015625 0.0546875
