0 0.333984375 0.0810546875 0.02734375 0.060546875
1 0.5703125 0.2421875 0.24609375 0.05078125
0 0.3984375 0.16796875 0.08203125 0.08203125
3 0.8798828125 0.3525390625 0.037109375 0.037109375
1 0.947265625 0.3916015625 0.09375 0.017578125
0 0.9345703125 0.4716796875 0.076171875 0.158203125
1 0.6923828125 0.515625 0.533203125 0.0625
3 0.89453125 0.578125 0.046875 0.06640625
3 0.6845703125 0.6416015625 0.033203125 0.064453125
2 0.796875 0.666015625 0.26953125 0.23828125
0 0.423828125 0.62890625 0.01953125 0.16015625
1 0.21484375 0.578125 0.375 0.04296875
