3 0.8895833333333333 0.8013888888888889 0.19027777777777777 0.05555555555555555
3 0.4701388888888889 0.7263888888888889 0.10416666666666667 0.08333333333333333
3 0.34097222222222223 0.7611111111111111 0.06805555555555555 0.06388888888888888
3 0.22569444444444445 0.8569444444444444 0.06805555555555555 0.06388888888888888
3 0.28958333333333336 0.6895833333333333 0.043055555555555555 0.03194444444444444
3 0.15902777777777777 0.8256944444444444 0.043055555555555555 0.03194444444444444
3 0.0875 0.8388888888888889 0.058333333333333334 0.041666666666666664
2 0.7326388888888888 0.8243055555555555 0.10694444444444444 0.059722222222222225
3 0.27152777777777776 0.9159722222222222 0.20416666666666666 0.10694444444444444
2 0.12569444444444444 0.8763888888888889 0.24861111111111112 0.21944444444444444
2 0.3638888888888889 0.8173611111111111 0.18055555555555555 0.07916666666666666
3 0.56875 0.6034722222222222 0.10416666666666667 0.04583333333333333
0 0.6013888888888889 0.8083333333333333 0.05277777777777778 0.09722222222222222
