3 0.3326388888888889 0.7854166666666667 0.09861111111111111 0.12361111111111112
3 0.050694444444444445 0.8368055555555556 0.09861111111111111 0.08472222222222223
3 0.2569444444444444 0.9347222222222222 0.1638888888888889 0.13055555555555556
3 0.40902777777777777 0.8645833333333334 0.06527777777777778 0.09861111111111111
3 0.83125 0.7854166666666667 0.3375 0.2875
3 0.23194444444444445 0.7479166666666667 0.1 0.08472222222222223
3 0.16805555555555557 0.8395833333333333 0.1 0.08472222222222223
3 0.050694444444444445 0.9409722222222222 0.09861111111111111 0.08472222222222223
3 0.5027777777777778 0.8104166666666667 0.1 0.08472222222222223
3 0.6166666666666667 0.7548611111111111 0.1 0.08472222222222223
