3 0.4201388888888889 0.7131944444444445 0.1125 0.07083333333333333
3 0.23958333333333334 0.7076388888888889 0.1125 0.07083333333333333
3 0.7756944444444445 0.6006944444444444 0.22083333333333333 0.09027777777777778
3 0.55 0.8145833333333333 0.10277777777777777 0.1375
3 0.7138888888888889 0.7923611111111111 0.18611111111111112 0.2013888888888889
3 0.9069444444444444 0.8361111111111111 0.18611111111111112 0.14166666666666666
3 0.2125 0.8736111111111111 0.08888888888888889 0.06388888888888888
3 0.3125 0.7958333333333333 0.11944444444444445 0.06388888888888888
3 0.2972222222222222 0.8805555555555555 0.14444444444444443 0.08888888888888889
3 0.09097222222222222 0.71875 0.17916666666666667 0.10138888888888889
