3 0.6 0.7284722222222222 0.15833333333333333 0.05694444444444444
3 0.63125 0.6826388888888889 0.04861111111111111 0.02638888888888889
3 0.7326388888888888 0.6673611111111111 0.10972222222222222 0.04861111111111111
3 0.8201388888888889 0.7020833333333333 0.04861111111111111 0.02638888888888889
3 0.9541666666666667 0.8284722222222223 0.07777777777777778 0.0375
3 0.3875 0.6729166666666667 0.1111111111111111 0.04027777777777778
3 0.5541666666666667 0.6340277777777777 0.10555555555555556 0.034722222222222224
2 0.6479166666666667 0.84375 0.44583333333333336 0.2152777777777778
3 0.8673611111111111 0.7534722222222222 0.25416666666666665 0.059722222222222225
0 0.9006944444444445 0.8951388888888889 0.16527777777777777 0.15694444444444444
