3 0.4888888888888889 0.6944444444444444 0.06388888888888888 0.03888888888888889
3 0.2791666666666667 0.8541666666666666 0.125 0.06111111111111111
3 0.1284722222222222 0.9611111111111111 0.25416666666666665 0.07777777777777778
3 0.06111111111111111 0.7597222222222222 0.08888888888888889 0.06111111111111111
3 0.22916666666666666 0.7631944444444444 0.08055555555555556 0.034722222222222224
3 0.26805555555555555 0.7173611111111111 0.08055555555555556 0.034722222222222224
3 0.3368055555555556 0.7833333333333333 0.10138888888888889 0.03888888888888889
3 0.40694444444444444 0.6833333333333333 0.08055555555555556 0.03611111111111111
3 0.375 0.7402777777777778 0.11666666666666667 0.04722222222222222
3 0.5784722222222223 0.8618055555555556 0.15694444444444444 0.05138888888888889
3 0.5923611111111111 0.8048611111111111 0.15138888888888888 0.034722222222222224
3 0.5479166666666667 0.7541666666666667 0.09861111111111111 0.03333333333333333
3 0.5208333333333334 0.6305555555555555 0.06388888888888888 0.03888888888888889
0 0.5972222222222222 0.6861111111111111 0.058333333333333334 0.10555555555555556
