3 0.5027777777777778 0.7402777777777778 0.14166666666666666 0.075
3 0.3236111111111111 0.8388888888888889 0.25555555555555554 0.07777777777777778
3 0.05486111111111111 0.9201388888888888 0.10694444444444444 0.12361111111111112
3 0.3194444444444444 0.6965277777777777 0.1111111111111111 0.0763888888888889
3 0.6298611111111111 0.7590277777777777 0.06527777777777778 0.0375
3 0.64375 0.7118055555555556 0.06527777777777778 0.0375
2 0.6868055555555556 0.7069444444444445 0.09305555555555556 0.17777777777777778
2 0.6701388888888888 0.83125 0.12638888888888888 0.07361111111111111
0 0.8631944444444445 0.8229166666666666 0.034722222222222224 0.0763888888888889
0 0.81875 0.8229166666666666 0.034722222222222224 0.0763888888888889
