3 0.10069444444444445 0.8125 0.18194444444444444 0.1
3 0.2548611111111111 0.7972222222222223 0.10416666666666667 0.10833333333333334
3 0.37222222222222223 0.8541666666666666 0.15 0.09444444444444444
3 0.3590277777777778 0.7361111111111112 0.10416666666666667 0.05277777777777778
3 0.15347222222222223 0.9388888888888889 0.19027777777777777 0.11666666666666667
3 0.40208333333333335 0.7805555555555556 0.05138888888888889 0.03611111111111111
3 0.34097222222222223 0.7805555555555556 0.05138888888888889 0.03611111111111111
2 0.5909722222222222 0.8270833333333333 0.20694444444444443 0.21805555555555556
0 0.46111111111111114 0.7402777777777778 0.041666666666666664 0.10555555555555556
0 0.6416666666666667 0.8486111111111111 0.06944444444444445 0.175
