2 0.19722222222222222 0.8777777777777778 0.375 0.23055555555555557
2 0.6923611111111111 0.7645833333333333 0.2875 0.17916666666666667
3 0.7652777777777777 0.6736111111111112 0.06666666666666667 0.044444444444444446
3 0.2076388888888889 0.6819444444444445 0.15138888888888888 0.044444444444444446
3 0.3375 0.8284722222222223 0.10555555555555556 0.04583333333333333
3 0.4125 0.6805555555555556 0.10833333333333334 0.05555555555555555
3 0.5305555555555556 0.65 0.06666666666666667 0.044444444444444446
3 0.84375 0.7152777777777778 0.09861111111111111 0.05
3 0.7472222222222222 0.7243055555555555 0.04722222222222222 0.029166666666666667
3 0.5930555555555556 0.7381944444444445 0.04722222222222222 0.029166666666666667
3 0.5819444444444445 0.5854166666666667 0.07222222222222222 0.043055555555555555
3 0.2111111111111111 0.7618055555555555 0.15833333333333333 0.09583333333333334
3 0.06736111111111111 0.8631944444444445 0.13194444444444445 0.14027777777777778
